1.000000000000000021e-03 2.667500000000000000e+04 1.557250000000000000e+04
1.002999999999999985e-03 2.651566735486462130e+04 1.547948378195423902e+04
1.005999999999999950e-03 2.635775802441810447e+04 1.538729847554830121e+04
1.006010000000000107e-03 2.635723402113735938e+04 1.538699256960305684e+04
1.500000000000000031e-03 1.185555555555555475e+04 6.921111111111111313e+03
2.000000000000000042e-03 6.668750000000000000e+03 3.893125000000000000e+03
3.000000000000000062e-03 2.963888888888888687e+03 1.730277777777777828e+03
3.537499999999999846e-03 2.131628563223414403e+03 1.244415587658729919e+03
3.537509999999999787e-03 2.131616511664265545e+03 1.244408552123402842e+03
3.631010000000000053e-03 2.023249949040092815e+03 1.181145635667360693e+03
3.726999999999999844e-03 1.920373226966374432e+03 1.121087613005955518e+03
3.727009999999999785e-03 1.920362921812105242e+03 1.121081596997900988e+03
4.000000000000000083e-03 1.667187500000000000e+03 9.732812500000000000e+02
4.017999999999999870e-03 1.652283489850675096e+03 9.645804928097333004e+02
4.018009999999999811e-03 1.652275265473763056e+03 9.645756915310281556e+02
4.176570000000000109e-03 1.529202145943555479e+03 8.927272883863549851e+02
4.341399999999999600e-03 1.415287999652983899e+03 8.262257684946988547e+02
4.341410000000000408e-03 1.415281479714209127e+03 8.262219622436558666e+02
4.474650000000000155e-03 1.332251708262553393e+03 7.777503177851401688e+02
4.611999999999999780e-03 1.254081700966369681e+03 7.321157371433473600e+02
4.612009999999999721e-03 1.254076262641901849e+03 7.321125623239369133e+02
4.772799999999999786e-03 1.171002860774695364e+03 6.836154470258272795e+02
4.939200000000000361e-03 1.093430550216909069e+03 6.383297935614926928e+02
4.939210000000000302e-03 1.093426122669008464e+03 6.383272088196114282e+02
5.000000000000000104e-03 1.067000000000000227e+03 6.229000000000000909e+02
6.000000000000000125e-03 7.409722222222221717e+02 4.325694444444444571e+02
8.000000000000000167e-03 4.167968750000000000e+02 2.433203125000000000e+02
1.000000000000000021e-02 2.667500000000000568e+02 1.557250000000000227e+02
1.499999999999999944e-02 1.185555555555555713e+02 6.921111111111112280e+01
2.000000000000000042e-02 6.668750000000001421e+01 3.893125000000000568e+01
2.671120000000000091e-02 3.738674276129039953e+01 2.182586885286578493e+01
2.671130000000000032e-02 3.738646282977993707e+01 2.182570543268033703e+01
2.999999999999999889e-02 2.963888888888889284e+01 1.730277777777778070e+01
3.181380000000000319e-02 2.635562593950002963e+01 1.538605379354692637e+01
3.181389999999999912e-02 2.635546025352933341e+01 1.538595706834435184e+01
4.000000000000000083e-02 1.667187500000000355e+01 9.732812500000001421e+00
5.000000000000000278e-02 1.066999999999999993e+01 6.229000000000000092e+00
5.999999999999999778e-02 6.541999999999999815e+00 4.163000000000000256e+00
8.000000000000000167e-02 3.019000000000000128e+00 2.083000000000000185e+00
1.000000000000000056e-01 1.671000000000000041e+00 1.181000000000000050e+00
1.499999999999999944e-01 6.070999999999999730e-01 4.101000000000000201e-01
2.000000000000000111e-01 3.245999999999999996e-01 1.981999999999999873e-01
2.999999999999999889e-01 1.628000000000000003e-01 8.143999999999999850e-02
4.000000000000000222e-01 1.146999999999999964e-01 5.109000000000000347e-02
5.000000000000000000e-01 9.291000000000000647e-02 3.951999999999999957e-02
5.999999999999999778e-01 8.042000000000000537e-02 3.391000000000000264e-02
8.000000000000000444e-01 6.600000000000000311e-02 2.852000000000000021e-02
1.000000000000000000e+00 5.741999999999999882e-02 2.574999999999999858e-02
1.250000000000000000e+00 5.043000000000000260e-02 2.353999999999999843e-02
1.500000000000000000e+00 4.590999999999999942e-02 2.208999999999999853e-02
2.000000000000000000e+00 4.070000000000000007e-02 2.061999999999999944e-02
3.000000000000000000e+00 3.649000000000000160e-02 2.020999999999999880e-02
4.000000000000000000e+00 3.524999999999999661e-02 2.091000000000000150e-02
5.000000000000000000e+00 3.513000000000000150e-02 2.188000000000000014e-02
6.000000000000000000e+00 3.547999999999999765e-02 2.285999999999999838e-02
8.000000000000000000e+00 3.687000000000000000e-02 2.468000000000000055e-02
1.000000000000000000e+01 3.857000000000000012e-02 2.617999999999999841e-02
1.500000000000000000e+01 4.272999999999999715e-02 2.867000000000000104e-02
2.000000000000000000e+01 4.615999999999999964e-02 2.982999999999999888e-02
